ABADIA DOS DOURADOS|28300|22500|15200|13100|8500|5800
ABAETE|7980|6860|6020|4060|3220|2250
ACAIACA|18000|15000|12000|18000|13000|10000
ACUCENA|22000|18000|11000|21500|15000|10500
AGUA BOA|8500|8000|4500|7500|6000|800
AGUA COMPRIDA|23019.02|20685.79|18865.93|20530.73|20247.85|16199.54
AGUANIL|20000|13500|9500|11000|8500|6000
AGUAS FORMOSAS|7208|6420|5629|6488|4325|3566
AGUAS VERMELHAS|3600|2500|1400|2400|1700|1300
ALAGOA|12000|9000|6000|6000|4300|3200
ALEM PARAIBA|7000|6000|5500|5000|3500|2500
ALFENAS|64343.55|51474.84|46327.36|41823.31|32171.76|25737.42
ALFREDO VASCONCELOS|17000|11500|10000|17000|11500|7700
ALMENARA|5803.35|4813.28|4062.34|5803.35|3652.61|3242.88
ALPERCATA|10330|10330|8000|8000|7000|6500
ALPINOPOLIS|50000|47500|37500|27500|25000|15000
ALTEROSA|32901.66|26315.02|21984.86|19737.85|16447.68|13159.61
ALTO JEQUITIBA|33600|28800|14400|14400|9600|9600
ALTO RIO DOCE|16000|14500|8800|11000|10000|6500
ALVARENGA|11682|8441|4231|10127|4520|3954
ALVINOPOLIS|15000|8000|4500|12000|7500|6000
ALVORADA DE MINAS|11500|8700|6900|10400|7000|6000
AMPARO DA SERRA|26967.84|20286|15946|15577.94|13007|6900
ANDRADAS|31856|22441.05|13722.91|13939.73|13824|8780
ANDRELANDIA|8710.80|6964.37|5728.20|6474.38|5635.33|3877.16
ANGELANDIA|13500|10000|6000|9830|4830|2500
ANTONIO CARLOS|15125|11346.50|7494.30|15125|10491.80|7494.30
ANTONIO DIAS|12000|11300|10800|10200|8500|8400
ANTONIO PRADO DE MINAS|20000|13000|7000|12000|6000|6000
ARACAI|5850|4500|4050|3600|1800|1080
ARACITABA|18000|12000|7000|6000|4500|2500
ARACUAI|4125|2557|1072|3775|1748|1554
ARAGUARI|21219.75|16380.31|12489.73|11495.78|10079.55|5647.64
ARANTINA|7000|6000|5500|6000|6000|4000
ARAPONGA|20000|15000|7500|15000|12000|6000
ARAPORA|31922.10|25537.68|19578.90|19153.26|15961.05|10853.51
ARAPUA|24890|17711.08|14668.69|12050|7823.30|2499.11
ARAUJOS|17087.29|9119.73|8061.42|9109.73|8061.42|7690
ARAXA|24500|13300|9900|9000|6200|4700
ARCEBURGO|41300|32200|22000|24600|17000|10900
ARCOS|25200|17062.50|13812.75|17062.50|12180|6300
AREADO|41650|30940|23205|20825|15691|10670
ARGIRITA|16240|12000|8860|12000|8500|7000
ARICANDUVA|8500|7500|6000|7500|7000|5000
ARINOS|15000|10000|4000|8000|3000|1500
ASTOLFO DUTRA|21000|17200|14800|13500|9800|7500
ATALEIA|5906.70|5414.85|4923.10|3250|3250|3000
AUGUSTO DE LIMA|5000|4000|2800|4000|2800|1500
BAEPENDI|10800|8640|7560|7560|5400|3240
BALDIM|20040|16700|11133|11133|8906|7793
BANDEIRA|6500|5200|3900|6500|3900|3250
BARAO DE COCAIS|24000|19300|15300|15300|17600|15600
BARAO DO MONTE ALTO|13150|10332|8400|10920|7980|7980
BARBACENA|23819.73|20644.56|18262.57|15482.83|11909.87|9527.89
BARRA LONGA|15500|13200|11000|12400|11000|10000
BARROSO|12927|9322|5966|9322|5966|5966
BELA VISTA DE MINAS|13400|9000|3800|8480|5900|3700
BELMIRO BRAGA|10100|8900|7600|9150|7300|6850
BELO ORIENTE|37332|29866|22399|37332|22399|18666
BELO VALE|24433|18616|13962|24433|13962|11520
BERILO|5000|3000|2500|4200|7000|2800
BERIZAL|4100|2300|2200|2600|2400|2100
BERTOPOLIS|9000|7500|6000|5000|4000|3000
BIAS FORTES|6000|5000|3500|4500|4000|3500
BICAS|16240|12000|8860|12000|8500|7000
BIQUINHAS|10990.24|7753.54|3881.97|8409.28|6452.40|2898.26
BOA ESPERANCA|32500|27500|22000|19000|10000|6000
BOCAINA DE MINAS|8400|7875|6825|6825|5775|4725
BOCAIUVA|8100|6050|4950|6160|3245|3080
BOM DESPACHO|16356.37|12600|8400|15750|5250|1000
BOM JARDIM DE MINAS|6500|4700|2700|4500|2500|2300
BOM JESUS DA PENHA|27500|24000|18000|18800|18500|14500
BOM JESUS DO AMPARO|20000|16000|13000|14000|9000|7000
BOM JESUS DO GALHO|14280|10710|8300|7500|6720|5780
BOM REPOUSO|66000|56000|46000|46000|42000|42000
BOM SUCESSO|20000|15000|10000|18000|13500|8400
BONFIM|33590.03|26872.03|22351.47|21833.52|20360.44|21046.36
BONFINOPOLIS DE MINAS|16500|11000|5500|5500|2750|1650
BONITO DE MINAS|4000|2300|1500|3000|1600|1800
BORDA DA MATA|43388.10|32445|25935|42000|32445|9450
BOTUMIRIM|4000|2700|1700|2300|1500|1000
BRAS PIRES|8500|8000|7000|7000|6000|3500
BRASILANDIA DE MINAS|5600|5000|4500|3600|3400|1500
BRASILIA DE MINAS|1500|1300|1200|1000|900|700
BRASOPOLIS|31900|24750|18480|25300|19250|13750
BRAUNAS|4950|4400|3850|3300|2200|1650
BRUMADINHO|94500|78750|59850|89250|63000|57750
BUENO BRANDAO|44384.82|37727.09|32055.70|27222.69|23129.42|18493.67
BUENOPOLIS|8000|5000|3500|4500|4500|3500
BURITIS|6207.21|3799.43|2606.59|2960.02|1899.71|1192.84
BURITIZEIRO|8652|5407|4635|5407|4326|1545
CABECEIRA GRANDE|13103.75|11138.19|9172.62|6551.87|2620.75|1965.56
CABO VERDE|18664.80|13711.50|9656.90|9656.90|9510.60|7298.50
CACHOEIRA DA PRATA|15900|14300|12700|11100|9500|7950
CACHOEIRA DE MINAS|15292|13756|9218|12234|10703|6116
CACHOEIRA DE PAJEU|3500|2200|1600|2000|1100|1000
CACHOEIRA DOURADA|25200|19180|12600|24500|13720|12460
CAETANOPOLIS|5000|3900|2200|2500|1750|1300
CAETE|34600|31300|27800|24400|21000|17400
CAIANA|25000|22000|20000|17000|15000|6000
CAJURI|23480|20756|18240|16248|14361|11000
CALDAS|42458.67|31909.08|23243.79|23243.79|13987.59|9723.96
CAMACHO|29847.71|26862.94|23878.17|20893.40|17908.63|14923.86
CAMANDUCAIA|27000|24300|21600|18900|16200|13500
CAMBUI|48082.17|45678.06|36061.63|33657.53|24051.09|19232.85
CAMBUQUIRA|35000|25000|18000|30000|22000|15000
CAMPANARIO|6030.08|4780.59|4138.60|3601.02|2325.33|2050.67
CAMPANHA|32250|28845|18345|20625|18345|11445
CAMPESTRE|52139.87|37797.89|19110.06|19138.94|8999.93|8999.93
CAMPINA VERDE|20500|20000|19500|19000|17500|9000
CAMPO AZUL|2800|1800|1200|1300|1000|700
CAMPO BELO|25000|18750|12500|21250|12500|8750
CAMPO DO MEIO|39200|36530|31774|27487.67|23708|13589
CAMPO FLORIDO|28442|21194.21|15547.52|11931.81|10738.62|8948.85
CAMPOS ALTOS|25000|23193.04|15217.39|13043.48|7608.70|5434.78
CAMPOS GERAIS|54100|40500|21420|31270|24600|9800
CANA VERDE|11000|9000|8000|7000|6000|5000
CANAA|16500|14000|9000|11000|8500|7500
CANAPOLIS|38000|33000|29000|28000|23000|14000
CANDEIAS|9000|5500|5000|6500|3500|1750
CANTAGALO|9400|8400|3400|9400|9400|5400
CAPARAO|33000|25000|12000|17000|14500|6000
CAPELA NOVA|20000|17000|11000|20000|13000|10000
CAPELINHA|10419.12|8682.26|3472.70|5788.17|4629.92|2314.45
CAPETINGA|19815.52|13367.06|10390|8256.48|7512.83|6553.68
CAPIM BRANCO|28652.37|24241.03|17634.68|17581.41|17581.41|9962.24
CAPINOPOLIS|41325|37192|33060|37192|24795|20662
CAPITAO ENEAS|10330|6715|5112|6052|6052|6646
CAPITOLIO|26207.20|15000.70|10483|10483|8386.40|4193
CAPUTIRA|25000|20750|12450|16600|12450|8300
CARAI|4396.55|3297.41|2747.84|2253.23|1978.44|1209.05
CARANAIBA|21420|19380|17340|17340|15300|12240
CARANDAI|31083.31|28341.65|24933.31|22124.98|18949.99|14708.32
CARANGOLA|18200|11200|8400|11400|6100|4900
CARATINGA|29534.69|25604.92|22651.46|20195.31|16861.74|14953.29
CARBONITA|2406.32|2234.79|1687.86|2234.79|3208.43|1614.63
CAREACU|18300|16050|10950|14700|10950|6850
CARLOS CHAGAS|5068|3729|3080|3147|2681|2564
CARMESIA|12000|10000|8500|10500|8000|7000
CARMO DA CACHOEIRA|25000|20000|15000|15000|12000|9000
CARMO DA MATA|17000|12500|9000|12000|8500|6000
CARMO DE MINAS|20000|13900|8600|7500|4500|1950
CARMO DO CAJURU|15000|10000|8000|10000|9000|7000
CARMO DO PARANAIBA|28498.80|19312.70|14837.90|12247.40|6004.90|3031.60
CARMO DO RIO CLARO|14464.05|13726.89|12546.23|10331.11|8854.38|5902.12
CARMOPOLIS DE MINAS|20000|16000|11000|18000|13000|8000
CARNEIRINHO|23197.60|18540|14420|15450|14935|12360
CARRANCAS|14700|12100|11000|14700|10000|6000
CARVALHOPOLIS|48250|36200|31360|33100|21700|12100
CARVALHOS|10000|8750|7500|7500|5000|3750
CASA GRANDE|14175|10500|7875|8975|6300|6300
CASCALHO RICO|26400|18700|15400|16500|9350|7920
CASSIA|29062|23798|17160|22698|10358|5264
CATAGUASES|30228.43|22719.69|18892.77|30228.43|22719.69|18892.77
CATAS ALTAS|31396|26748|20934|20934|19770|31396
CATAS ALTAS DA NORUEGA|10000|10000|8000|12000|10000|4000
CATUJI|5327.75|3799.91|3698.18|2772.93|2772.90|2534.09
CATUTI|4700|3600|2700|3400|1900|1900
CEDRO DO ABAETE|5664.86|4830.36|4251.69|2832.43|2278.13|1478.08
CENTRAL DE MINAS|10000|6900|4600|6400|5200|2700
CHACARA|12694.80|10219.31|8103.51|11986|8283.36|7934.25
CHALE|19300|14500|9900|11500|10200|7000
CHAPADA DO NORTE|4700|3500|1600|4100|4100|1800
CHAPADA GAUCHA|5063|3147|2189|2463|1573|1573
CHIADOR|16240|12000|8860|12000|8500|7000
CLARAVAL|17600|12650|10010|11220|10450|5060
CLARO DOS POCOES|10500|7000|3500|3000|2400|1800
CLAUDIO|15000|12000|8700|13700|10500|6000
COIMBRA|30000|27000|25000|25000|23000|10000
COLUNA|6000|4500|4000|3500|3000|1700
COMENDADOR GOMES|18489.08|17318.33|16346.38|15749.96|12966.66|6494.37
COMERCINHO|3311.44|1986.86|1324.58|2649.15|1655.72|1324.58
CONCEICAO DA APARECIDA|22981|19207.97|15426.45|15012|12452.85|8223.31
CONCEICAO DA BARRA DE MINAS|15000|11500|9500|15000|11500|9500
CONCEICAO DAS ALAGOAS|52308.84|46941.95|42474.78|43819.12|35706.02|25966.11
CONCEICAO DAS PEDRAS|15022|12082|9252.90|10341|8708|5225
CONCEICAO DE IPANEMA|11500|10000|5000|10500|6000|4000
CONCEICAO DO MATO DENTRO|13500|10800|7200|7200|7200|8000
CONCEICAO DO PARA|23000|20000|17000|15000|12000|10000
CONCEICAO DO RIO VERDE|27000|22000|20000|20000|17000|15000
CONCEICAO DOS OUROS|14200|12400|9700|10900|9650|5800
CONEGO MARINHO|5000|3500|2000|4500|2000|2000
CONGONHAL|35000|30000|20900|28500|14900|11600
CONGONHAS|25000|18000|13000|18000|14000|13000
CONGONHAS DO NORTE|13000|10500|6500|9500|6500|8000
CONQUISTA|33000|28700|23800|18500|16200|9850
CONSELHEIRO LAFAIETE|21000|15500|12500|19500|13000|9000
CONSELHEIRO PENA|5300|4800|4300|4300|3300|2800
CONSOLACAO|17080|13411|8302|11204|10393|6642
CONTAGEM|60000|55000|50000|20000|20000|10000
COQUEIRAL|26500|22500|20000|18500|14500|6000
CORACAO DE JESUS|6200|3200|2300|4000|1500|2000
CORDISBURGO|4100|2100|700|1300|800|550
CORDISLANDIA|33383.90|26922.50|21538|30153.20|24230.25|16691.95
CORINTO|7750|5500|3600|3500|2200|1300
COROMANDEL|45000|32000|25000|20000|12000|5000
CORONEL FABRICIANO|33880|32670|31460|30250|29040|29040
CORONEL MURTA|2500|1500|800|1500|900|800
CORONEL PACHECO|4507.69|4088.37|3745|4507.69|3745|3328
CORONEL XAVIER CHAVES|19000|15440|13300|13200|12100|10290
CORREGO DANTA|13500|11000|9000|7500|5500|4200
CORREGO DO BOM JESUS|30800|26600|23400|25500|24000|22000
CORREGO FUNDO|18000|15000|13000|14000|11500|10000
CORREGO NOVO|14000|12000|10000|9200|9000|7500
COUTO DE MAGALHAES DE MINAS|6548|3771|3509|3614|3247|1938
CRISOLITA|9266|9266|7138|6499|5052|3144
CRISTAIS|30500|24440|22000|18300|12800|9450
CRISTALIA|4500|3500|2500|4000|2500|2200
CRISTIANO OTONI|16500|16500|12500|16500|12500|10817.20
CRISTINA|22972.59|18331.66|15315.06|18331.66|9165.83|4524.90
CRUCILANDIA|27000|23000|15500|18000|13500|9000
CRUZEIRO DA FORTALEZA|35000|28000|21000|14700|8300|5500
CRUZILIA|15500|14000|12500|11000|9500|8000
CURRAL DE DENTRO|5000|3000|2000|3500|2500|1800
CURVELO|4250|3600|3000|3000|3000|1000
DATAS|20000|14000|7000|12000|6000|6000
DELFIM MOREIRA|31500|26250|18900|21000|17850|12600
DELTA|30775.95|26649.97|24420.35|20933.22|14905.60|7401.15
DESCOBERTO|16240|12000|8860|12000|8500|7000
DESTERRO DE ENTRE RIOS|6000|4000|3500|6000|4000|3000
DESTERRO DO MELO|3225|2687.50|2687.50|2687.50|2687.50|2687.50
DIAMANTINA|7700|5000|3700|5500|5500|2900
DIOGO DE VASCONCELOS|18019.08|16217.17|14415.26|12613.35|10811.45|9009.54
DIONISIO|12054|10848|9643|12666|10000|9643
DIVINESIA|15000|11000|9000|11000|9000|6600
DIVINO|26450|20460|14850|14740|11110|7040
DIVINO DAS LARANJEIRAS|15000|12000|10000|15000|12000|10000
DIVINOLANDIA DE MINAS|15000|12500|9000|8000|7250|3500
DIVINOPOLIS|20000|15000|10000|15000|10000|8000
DIVISA ALEGRE|3500|2600|2200|2200|1950|1500
DIVISA NOVA|60805.50|48444|39796.50|42007.50|39615|26715
DIVISOPOLIS|4000|2500|1750|2000|1750|1600
DOM BOSCO|6000|5000|4000|3000|2500|1500
DOM CAVATI|7950|6050|4500|6280|6050|3200
DOM JOAQUIM|12300|10900|8500|9700|7300|6000
DOM SILVERIO|12000|10000|8000|9000|6000|6000
DOM VICOSO|20000|18000|15000|15000|12000|7000
DONA EUZEBIA|25500|20500|15500|15500|13000|13000
DORES DE CAMPOS|12463.50|9411|6883|8411|5483|2500
DORES DE GUANHAES|9400|7320|6300|6800|5250|4200
DORES DO INDAIA|19000|15200|13300|11400|7600|5700
DORES DO TURVO|16515|9174|6601|8808|6484|5994
DORESOPOLIS|25000|20000|12000|20000|12000|3500
DOURADOQUARA|20000|16200|15000|12000|8000|5000
DURANDE|23400|18700|14000|18700|16400|11700
ELOI MENDES|53500|46000|37500|33500|30000|18000
ENGENHEIRO NAVARRO|10000|6000|4000|4000|3000|3000
ENTRE RIOS DE MINAS|20302.65|16208.70|13535.50|16208.70|12181.56|9474.56
ERVALIA|18273.20|13077.77|9510.60|13077.77|8916.60|8916.60
ESMERALDAS|42433.42|35359.77|28290.36|25460.05|21216.71|16973.37
ESPERA FELIZ|30000|25000|18000|15000|12000|8000
ESPINOSA|3700|2800|1650|3600|1900|1700
ESPIRITO SANTO DO DOURADO|94504.27|85053.84|75603.42|66152.99|56702.56|47252.13
ESTIVA|38000|31000|15000|29000|19500|15500
ESTRELA DALVA|8673.79|6939.03|5204.27|8673.79|5204.27|5204.27
ESTRELA DO SUL|70000|60000|50000|50000|40000|20000
EUGENOPOLIS|21000|13500|7500|13000|6500|6500
EWBANK DA CAMARA|11000|8000|5000|6000|5000|3500
EXTREMA|53197.25|48710.37|44282.16|49526.09|38455.55|33794.27
FAMA|50260.50|40987.50|32941.50|39814.50|30678.75|21843.75
FARIA LEMOS|12000|8000|6000|10000|8000|5000
FELICIO DOS SANTOS|9660|5145|3780|6825|3150|2310
FELISBURGO|3154.15|2340.50|1526.85|1940.15|1325.32|1033.90
FELIXLANDIA|24200|17600|16500|15400|9900|9900
FERROS|7000|6000|5000|7000|6000|5000
FERVEDOURO|20000|16250|12600|16200|12250|8900
FLORESTAL|30000|26000|24000|22000|20000|19500
FORMIGA|33402.86|15333.31|9072.17|12096.22|7560.15|6019.69
FORMOSO|8850|4460|3530|4460|2800|1250
FORTALEZA DE MINAS|30000|26000|22000|22000|18000|6500
FORTUNA DE MINAS|17500|14000|11650|14000|11650|9300
FRANCISCO BADARO|5500|3000|2500|2000|1800|1500
FRANCISCO DUMONT|7417.39|5933.92|4450.43|7417.39|4724.28|3709.63
FRANCISCO SA|9000|6000|4000|7560|4820|3560
FRANCISCOPOLIS|12000|9500|6000|8400|7200|4000
FREI GASPAR|2734|2370|1979|1883|1798|892
FREI INOCENCIO|4300|3800|2650|3800|2600|1700
FREI LAGONEGRO|9500|5500|3600|7500|5000|1600
FRONTEIRA|39100|35190|31280|25000|22000|17000
FRONTEIRA DOS VALES|12000|11000|9000|6000|5000|4650
FRUTA DE LEITE|3612|3255|2898|2520|3612|2000
FRUTAL|20905|18984|17176|17176|14832|7571
FUNILANDIA|29450|17700|8850|14710|14710|7500
GAMELEIRAS|3650|2650|2100|1850|1580|1250
GLAUCILANDIA|10061|8049|5500|5400|4800|3521
GOIANA|17335|13964|11475|14814|9683|9719
GONCALVES|92000|80400|70000|62000|58900|46750
GONZAGA|6952.11|6402.33|5884.56|5318.50|4829|4204.20
GOUVEIA|8000|7000|5000|6000|5000|3000
GOVERNADOR VALADARES|5499.67|4949.64|4924.46|4899.94|3299.54|2749.51
GRAO MOGOL|4700|4300|3000|4500|3800|2500
GRUPIARA|20849|16239|12415|9429|7543|5028
GUANHAES|8000|6900|5750|5170|4600|3450
GUARACIABA|10000|9000|8500|8000|7500|4000
GUARACIAMA|8100|6050|4950|6160|3245|3080
GUARANESIA|40176|34421|24040|24040|21855|17484
GUARANI|15000|10000|7000|20000|7000|3000
GUARARA|16240|12000|8860|12000|8500|7000
GUARDA-MOR|17000|13000|7500|7500|4800|3700
GUAXUPE|52272.73|36115.70|24710.74|17768.59|16880.16|13326.44
GUIDOVAL|33000|22000|17000|33000|22000|15000
GUIMARANIA|43000|35000|25000|20000|12000|5000
GUIRICEMA|22000|16000|11000|11000|8000|8000
GURINHATA|11422.03|10819.60|10723.21|9957.64|8712.79|8313.50
HELIODORA|24793.39|17355.37|12396.69|9971.36|8264.46|6500
IAPU|18500|18000|15200|16700|15200|10200
IBERTIOGA|10000|8000|6000|8000|6000|3000
IBIA|34796.99|26058.16|20878.28|13919.13|8351|5904.69
IBIAI|6640|5220|3840|5340|3180|2160
IBIRACATU|2300|1600|1000|3000|1800|1500
IBIRACI|52920|39690|25200|30240|22680|11340
IBIRITE|174259.87|160520.44|143615.25|143614.92|135522.15|125816.07
IBITIURA DE MINAS|34598.40|29849.40|20297|18591.50|15923.80|11391.80
IBITURUNA|25000|20000|15000|14000|12000|10000
ICARAI DE MINAS|2310|1890|1155|1312.50|892.50|892.50
IGARAPE|330000|264000|214500|280500|264000|252000
IGARATINGA|14000|10000|8000|10000|10000|5000
IJACI|15000|10500|7500|6600|6000|4500
ILICINEA|31348.78|17454.86|11795.53|13560.10|8735.38|4864.47
IMBE DE MINAS|27230|20000|13610|16750|13610|6800
INCONFIDENTES|42000|36750|25200|36750|23100|21000
INDAIABIRA|5100|3050|1600|3600|1200|2200
INDIANOPOLIS|34000|30740|27945|27945|34000|16160
INGAI|15000|10500|7500|6600|6000|4500
INHAPIM|22727|19628|15495|13429|12396|10330
INIMUTABA|5565|4987.50|3333.75|4987.50|3885|1155
IPANEMA|12619.89|9870.58|6032.02|9870.58|6032.02|4184.80
IPIACU|16387.50|14662.50|10350|12937.50|10350|9487.50
IPUIUNA|33000|28000|22000|19250|17000|13500
IRAI DE MINAS|21143.70|14924.50|8706|8706|6218.50|2487.42
ITABIRA|15000|12750|11025|8317.05|5775|2362.50
ITABIRINHA|13450|12100|11050|11050|8500|7400
ITABIRITO|24497.19|19661.44|14717.92|24497.19|19661.44|14717.92
ITACAMBIRA|2000|1500|1000|2500|2000|3500
ITACARAMBI|5327|3196.20|1385|3728.90|1385|1385
ITAGUARA|19500|15640|14076|15640|9384|5000
ITAIPE|7250|6525|5800|4710|3990|3260
ITAJUBA|29313|24322|17995|21133|17010|11918
ITAMARANDIBA|6634.91|5307.44|2740.21|5307.44|6634.91|2740.21
ITAMARATI DE MINAS|15000|11500|8500|15000|8500|5800
ITAMBACURI|4990.49|3669.07|2338.39|1918.21|1064.24|1064.24
ITAMBE DO MATO DENTRO|22000|20000|17000|15000|12000|6000
ITAMOGI|38922.75|32287.20|24172.31|26286.09|19831.77|14298.29
ITAMONTE|15000|10000|6000|6000|4300|3200
ITANHANDU|12650|11000|8800|7700|6050|4500
ITANHOMI|15000|10000|5000|10000|8800|5000
ITAOBIM|7090|5450|3270|2730|1390|950
ITAPAGIPE|19430|15725|14575|10695|9718|5253
ITAPECERICA|14500|11000|9500|8000|7000|6000
ITATIAIUCU|64000|45000|28000|41000|28000|20000
ITAU DE MINAS|22706.57|18165.25|15894.60|13623.94|11353.28|9082.63
ITAUNA|45000|35000|27000|22000|18000|15000
ITAVERAVA|13000|12500|11600|11600|10000|3900
ITINGA|3000|1600|1200|2000|750|600
ITUIUTABA|21949.61|15975.58|13032.72|16395.99|12612.30|11712.48
ITUMIRIM|17424|14520|11616|9438|8499.46|6981.70
ITURAMA|21058|18858|18858|18858|18858|6076
ITUTINGA|16500|13800|11800|13300|10500|7000
JABOTICATUBAS|20000|15000|12500|12500|9000|7000
JACINTO|4700|3900|3126.90|4498.17|3200|2738
JACUI|26000|23000|20000|22000|17000|12000
JACUTINGA|17000|12000|10000|9000|8000|7000
JAIBA|6960|4070|2900|2450|1490|1050
JAMPRUCA|4300|3600|2900|4100|2800|2300
JANAUBA|6590|4170|2805|4280|3180|2320
JANUARIA|6500|4000|2500|5000|2500|2500
JAPARAIBA|18253.75|15646.50|10431|10431|7823.25|3911.63
JAPONVAR|6000|4500|3500|2000|1000|800
JECEABA|17332.15|12000|10000|14000|9500|10000
JENIPAPO DE MINAS|4000|3000|2000|2900|2500|2200
JEQUERI|14375.85|12235.69|8625.51|10063.10|10781.89|9344.30
JEQUITAI|10000|6000|4500|5000|2000|2000
JEQUITIBA|20000|13700|11200|15000|8500|5000
JEQUITINHONHA|6714.88|4028.92|2467.62|5200|2340|2056.60
JESUANIA|40000|35000|22000|30000|22000|8000
JOAIMA|3254.13|2440.60|1626.85|2040.62|1425.42|1138.95
JOANESIA|5115|4257|3520|3179|2387|1782
JOAO MONLEVADE|18000|16000|10000|18000|12000|8000
JOAO PINHEIRO|10315.50|9522|6624|6007.60|4510.80|2389.70
JOAQUIM FELICIO|6500|5500|4500|5500|4500|4000
JORDANIA|5000|3500|3000|5000|2100|1000
JOSE GONCALVES DE MINAS|6000|4500|3700|5100|5400|2500
JOSE RAYDAN|7228|4439|2200|3300|2993|2530
JOSENOPOLIS|4500|3200|2200|4500|4000|2000
JUATUBA|97500|90000|83000|86000|78000|75000
JUIZ DE FORA|20455.92|17489.81|13805.75|10125.68|9205.16|7364.13
JURAMENTO|9000|6000|3000|7000|3000|2000
JURUAIA|24142.22|19831.11|16397.78|14363.33|9138.89|7624.44
JUVENILIA|2400|1600|900|3200|1100|1000
LADAINHA|5500|4700|4000|3900|3600|3600
LAGAMAR|25000|13500|8000|8000|3000|2500
LAGOA DA PRATA|15890.03|10646.32|6514.91|7627.22|6038.21|3178.01
LAGOA DOS PATOS|7500|4500|3000|2500|1500|1000
LAGOA DOURADA|20700|17250|13800|17250|11000|7000
LAGOA FORMOSA|30000|15000|10000|15000|10000|5000
LAGOA GRANDE|17112.63|11951.68|9561.35|8692.13|5867.19|2933.60
LAGOA SANTA|170000|140000|90000|110000|90000|80000
LAJINHA|30200|18400|14200|26200|17500|10100
LAMBARI|46500|40000|26000|40000|36000|20000
LAMIM|20000|16000|15000|14000|12000|10000
LARANJAL|14900|11600|9800|12100|7900|6900
LASSANCE|15000|8000|5000|5000|4000|2800
LAVRAS|14512|8600|7310|6450|5912|4300
LEANDRO FERREIRA|15000|10000|8000|10000|5000|2500
LEME DO PRADO|9000|6000|3900|6000|10900|3500
LEOPOLDINA|10330.57|8264.46|6198.35|6198.35|6198.35|5165.29
LIBERDADE|10000|8000|8000|6000|8000|4000
LIMA DUARTE|16335.34|13452.63|8167.67|7379.07|4919.38|3327.81
LIMEIRA DO OESTE|23609.81|18869.40|14676.20|15724.50|15200.35|8084.49
LONTRA|9500|8000|5000|4500|3000|2500
LUISBURGO|27206|24419|20852|19164|15636|12779
LUISLANDIA|1705|1320|1100|880|700|600
LUMINARIAS|15000|10500|7500|6600|6000|4500
LUZ|14348.45|11362.89|9099.10|9192.72|5766.76|3715.03
MACHACALIS|13171.48|11363.36|10072.31|8006.19|6973.14|5940.08
MACHADO|48000|35000|29000|25000|20500|12600
MADRE DE DEUS DE MINAS|10000|8000|5300|7700|5100|2650
MALACACHETA|4900|3800|2500|4900|3500|2800
MAMONAS|4655.92|3655.94|2741.95|4112.93|2284.96|1142.48
MANGA|5500|2800|1600|3000|900|900
MANHUACU|28000|22400|18480|16940|13860|13860
MANHUMIRIM|41811.75|31314.88|21540.66|32382.43|23486.15|16369.14
MANTENA|11665.12|6932.32|4852.09|9760.04|4879.68|3903.74
MAR DE ESPANHA|16240|12000|8860|12000|8500|7000
MARAVILHAS|8536.07|7632.35|6458.14|5189.58|4696.83|3048.75
MARIANA|23400|22230|17550|16575|13260|8287.50
MARILAC|9000|7000|5000|9000|5000|5000
MARIO CAMPOS|115000|102000|91000|81000|72000|64000
MARIPA DE MINAS|16240|12000|8860|12000|8500|7000
MARLIERIA|12497.59|8748.31|6248.80|12497.59|8974.81|6248.80
MARMELOPOLIS|18000|15000|12000|13000|10000|9000
MARTINHO CAMPOS|13000|12000|12000|12000|8000|6000
MARTINS SOARES|35000|25000|20000|25000|25000|10000
MATA VERDE|6200|5184|4310|5000|3824|3150
MATERLANDIA|9583.41|7666.75|5750.05|9583.41|5192.44|4791.70
MATEUS LEME|49500|42000|33000|24000|18000|13500
MATHIAS LOBATO|4300|3800|3800|3800|2600|1700
MATIAS BARBOSA|5000|3940|3730|3940|3250|2650
MATIAS CARDOSO|6000|3000|2800|3300|1400|1000
MATIPO|35000|26600|18500|15000|14300|8000
MATO VERDE|5020|3720|2830|3965|1950|1170
MATOZINHOS|13064.18|10688.87|8313.56|8313.56|7125.91|3562.95
MATUTINA|24076|13333|10611|8022|4005|2035
MEDEIROS|36750|23625|17500|17500|11375|7000
MEDINA|4401|3961|3521|3081|2640|2200
MENDES PIMENTEL|8264.46|6198.35|6198.35|4648.76|4648.76|3636.36
MERCES|10000|8000|7000|10000|5000|4000
MESQUITA|7000|5600|4900|7000|5600|5600
MINAS NOVAS|6123.36|4352.18|1845.05|6750.77|19741.17|659.59
MINDURI|9810.30|5948|5426.97|5948|5426.97|4905.15
MIRABELA|3850|2750|2310|1650|1100|880
MIRADOURO|15500|11500|8000|9500|5500|6500
MIRAVANIA|4620|2310|1155|1155|840|525
MOEDA|35146.20|31631.58|28116.96|26152.62|24518.08|35146.20
MOEMA|27500|22000|14000|22000|14000|9000
MONJOLOS|5571.50|5014.35|4436.23|3799.41|3342.86|1392.87
MONSENHOR PAULO|45000|32500|21000|38000|25000|10000
MONTE ALEGRE DE MINAS|39876.95|34210.43|30769.04|29916.68|26593.94|16931.75
MONTE AZUL|5109.50|3997.06|2728.92|3500|1930|1324
MONTE BELO|27000|22000|17000|17000|13000|8000
MONTE CARMELO|24000|16843.10|10955.28|9630.62|6657.51|3046.42
MONTE FORMOSO|5000|4375|3275|5000|3125|2875
MONTE SANTO DE MINAS|19000|13700|9200|13700|9200|3900
MONTE SIAO|15750|10500|6300|6300|6300|4200
MONTES CLAROS|6160|4700|2690|4300|2100|1350
MONTEZUMA|12000|6000|3000|7000|2000|500
MORADA NOVA DE MINAS|20000|12700|10000|12000|12000|5000
MORRO DA GARCA|7929.37|5812.68|4156.61|4375.96|3622.42|2065.70
MORRO DO PILAR|15693|12554.40|9415.80|10462|8369.60|8369.60
MUNHOZ|30000|28000|26000|27000|20000|20000
MURIAE|37329.92|31108.27|24886.62|31108.27|24886.62|20738.85
MUTUM|7142.33|5917.45|4226.75|5917.45|4818.49|4226.75
MUZAMBINHO|55000|35000|25000|25000|17000|17000
NANUQUE|5249.75|4807|4427.50|3795|3415.50|2530
NAQUE|26565|20842|16201|26565|16065|13891
NATALANDIA|10000|7200|5500|4200|3500|2600
NATERCIA|17000|14500|12500|15500|15000|6000
NAZARENO|15000|11500|9500|15000|11500|9500
NEPOMUCENO|19800|17500|15600|13250|11770|7670
NINHEIRA|5000|3000|1800|2200|2000|1200
NOVA BELEM|12396.70|11239.67|9297.52|8574.38|7024.80|6198.35
NOVA ERA|9000|7200|5300|6860|4400|4500
NOVA LIMA|276592.80|221274.24|110637.12|193614.96|165955.68|138296.40
NOVA MODICA|7438|6694.20|5950.40|5206.60|4462.80|3719
NOVA PONTE|41579|39084.26|36739.21|31228.33|24982.66|9312.06
NOVA PORTEIRINHA|16000|8000|3000|3000|2000|1500
NOVA RESENDE|30236.13|24948|17487.32|20845.70|16913.60|8487.92
NOVA SERRANA|15000|10000|8000|10000|5000|2500
NOVA UNIAO|35362.96|23575.31|17681.49|23575.31|11787.65|9430.12
NOVO CRUZEIRO|8625|7750|7125|7125|5225|3200
NOVO ORIENTE DE MINAS|6654.63|6654.63|5323.71|3818|3818|3327.32
NOVORIZONTE|3093|2207|1505|2045|2070|1064
OLARIA|4725|4200|3570|4200|2415|2100
OLHOS-D'AGUA|12000|10000|8000|7500|7000|5300
OLIMPIO NORONHA|40000|30000|20000|25000|20000|12000
OLIVEIRA|19160|10090|6300|10090|5500|4416
OLIVEIRA FORTES|15000|8000|5000|18000|13000|5000
ONCA DE PITANGUI|25000|19900|17500|17400|13000|8800
ORATORIOS|14596.20|9190.02|5802.80|8649.06|5406|3973.41
ORIZANIA|22974.93|19528.69|14933.70|17231.20|13231.20|13784.94
OURO FINO|40000|29000|18000|29000|23000|8000
OURO PRETO|27350|19150|15850|15300|15050|12000
OURO VERDE DE MINAS|5239.08|4864.86|3088.08|4694.57|3059.10|2181.16
PADRE CARVALHO|4000|3500|2750|3200|4000|2250
PADRE PARAISO|3480|2090|1670|2090|1670|1390
PAI PEDRO|4210|3200|2410|2980|1700|1400
PAINEIRAS|7500|5710|3960|6350|4420|3030
PAINS|25935|25850|25700|25480|25370|22570
PAIVA|13200|9500|8000|6300|5500|5500
PALMA|14500|12000|9600|11200|9000|7500
PALMOPOLIS|3000|2750|2500|4000|3600|5000
PAPAGAIOS|16300|12020|6730|10820|9600|6730
PARA DE MINAS|28000|22000|15500|15500|11500|7500
PARACATU|20400|16300|12400|9600|8000|5900
PARAGUACU|79400|63400|47200|57000|44200|18000
PARAISOPOLIS|39695|32123|24092.50|31440|21930.50|18275
PARAOPEBA|9400|7300|4700|3300|2700|1600
PASSA QUATRO|11550|11000|9900|10450|8800|5500
PASSA TEMPO|20000|18000|16000|14000|12000|11000
PASSA VINTE|6500|5000|4000|4300|2800|2200
PASSABEM|14400|13200|12000|11600|9800|8600
PASSOS|35500|30300|25600|18200|6000|4100
PATOS DE MINAS|29500|18800|12800|9400|4800|4300
PATROCINIO|39000|19000|10500|10500|5250|3150
PATROCINIO DO MURIAE|16528.93|14049.59|11570.25|10557.63|9545|8300
PAULA CANDIDO|24000|21000|12000|16500|13800|7000
PAULISTAS|9185|8265|7348|7807|5510|3675
PAVAO|4250.49|4250.49|3639.55|2911.63|2619.92|2183.72
PECANHA|9500|8500|3500|9500|9500|5500
PEDRA AZUL|4410|2930|1760|1230|740|665
PEDRA BONITA|28250|22812.50|16950|20000|12286.31|9386.31
PEDRA DO ANTA|15000|13000|10000|14000|13000|9000
PEDRA DO INDAIA|19550|14950|7700|23180|8800|5400
PEDRA DOURADA|8000|7000|6000|8000|7000|6000
PEDRALVA|30000|27000|21000|21000|18000|18000
PEDRAS DE MARIA DA CRUZ|6000|4000|2500|4500|2000|2000
PEDRINOPOLIS|40000|35000|30000|23000|15000|8000
PEDRO LEOPOLDO|39440|32269.50|25098.51|25098.51|21513.01|10756.49
PEDRO TEIXEIRA|5483|4387|3837|4387|3837|3289
PEQUERI|16240|12000|8860|12000|8500|7000
PEQUI|14669|13582|8693|18472|7062|6519
PERDIGAO|9330.32|7799.18|5119.70|18274.81|9330.32|8482.11
PERDIZES|60330|44857|39154|31155|9330|5608
PERDOES|13200|8800|6600|13200|8800|6600
PERIQUITO|10650|9600|8500|7450|6400|4250
PESCADOR|7230|6200|5370|6200|3165|2685
PIAU|12500|9700|7500|9700|8000|8400
PIEDADE DE CARATINGA|60637.50|47407.50|33075|38587.50|26460|36750
PIEDADE DE PONTE NOVA|19803.44|15276.94|10000|11316.25|8000|8000
PIEDADE DO RIO GRANDE|5909|4331|2756|3937|2625|918
PIEDADE DOS GERAIS|62350|55491|48633|31250|27812|24375
PIMENTA|28000|18000|9000|12000|3750|3750
PINTOPOLIS|3500|2000|1400|1400|900|600
PIRACEMA|17762|14231|11770|11877|10272|10058
PIRAJUBA|80583.24|67152.70|53722.16|40291.62|33576.35|26861.08
PIRANGA|13700|11000|9000|10500|9000|5000
PIRANGUCU|65000|50000|25000|23000|19000|12500
PIRANGUINHO|35000|27250|22000|20000|15500|10500
PIRAPETINGA|10000|9000|9000|10000|9000|9000
PIRAPORA|8900|6200|5600|5200|2800|2500
PIRAUBA|9986|7055|4799|7055|4567|3800
PITANGUI|26207.70|23062.60|20966|17821.10|14676.20|10483
PIUMHI|20000|15200|10400|12200|7000|8000
PLANURA|55000|55000|55000|55000|55000|55000
POCO FUNDO|63000|47000|36000|26000|20000|12000
POCOS DE CALDAS|17650|15123|13960|14365|11633|9306
POCRANE|12551.88|9482.06|5966.24|5327|4474.68|3089.66
POMPEU|10815|8652|6489|8652|6489|3090
PONTE NOVA|18000|10000|5500|9000|4500|3300
PONTO CHIQUE|3000|2000|1000|800|700|500
PONTO DOS VOLANTES|1600|1200|950|1500|1200|600
PORTEIRINHA|5000|3700|3000|3800|2100|1800
PORTO FIRME|22955.31|17848.71|13773.18|18364.25|16068.72|16068.72
POTE|6000|5000|4000|5000|5000|4000
POUSO ALEGRE|58500|46000|12500|55000|23000|20000
POUSO ALTO|5095.06|4462.26|4135.29|3824.92|3480.44|3165.36
PRADOS|12000|9500|7800|7500|5000|2500
PRATA|26460|24150|17250|17250|17250|17250
PRATINHA|10333.73|9595.60|7873.32|6748.56|4777.50|3412.50
PRESIDENTE BERNARDES|15000|10000|8000|12000|8000|5000
PRESIDENTE JUSCELINO|3666.84|2933.48|2200.11|3666.84|2200.11|733.37
PRESIDENTE KUBITSCHEK|7000|5800|3500|7000|3000|3500
PRESIDENTE OLEGARIO|13067|12413.65|9800.25|7186.25|3920.10|1593.54
PRUDENTE DE MORAIS|30000|25000|20000|25000|20000|14000
QUARTEL GERAL|6152.50|4830|3622.50|5290|3737.50|2990
QUELUZITO|27800|19650|15400|20600|14300|9700
RAUL SOARES|11550|8085|6699|8662|6930|5775
RECREIO|12411|9308.25|8688.75|10319.40|8067.15|6826.05
REDUTO|34728.75|28940.10|23152.50|28940.10|23152.50|12600
RESENDE COSTA|7405.21|6664.69|5924.17|5183.65|4443.13|3702.60
RESPLENDOR|14255.40|10879.50|10691.55|9978.55|9503.60|3565
RESSAQUINHA|20896|12537.60|11492.80|12537.60|8358.40|8358.40
RIACHINHO|6000|3800|3800|3000|1823|1300
RIACHO DOS MACHADOS|4237|3389|2542|4237|1371|953
RIBEIRAO DAS NEVES|89955.58|80960.01|71963.69|62968.89|53973.35|44977.79
RIO ACIMA|24234|19422.06|16535.68|17760.12|15048.18|13573.98
RIO CASCA|20000|13500|10000|10000|7000|7000
RIO DO PRADO|2900|2400|2000|2400|1900|1500
RIO DOCE|9000|8000|7000|7000|6000|4000
RIO ESPERA|12000|10000|8000|10000|10000|5000
RIO MANSO|20000|15000|12000|20000|13500|11000
RIO NOVO|11858.80|8894.10|6028.30|11459.75|7510.65|5929.40
RIO PARANAIBA|29000|20000|17200|11400|6100|3300
RIO PARDO DE MINAS|5000|2500|1700|3000|2500|2000
RIO PIRACICABA|15050|12400|7465|12460|13245|7465
RIO POMBA|5209.46|5106.52|4042.66|4468.08|3404.35|2766.03
RIO PRETO|7000|4600|3680|4890|3300|3800
RIO VERMELHO|10000|6700|5775|10000|5775|3100
RITAPOLIS|16000|11680|8000|13120|11680|6500
ROCHEDO DE MINAS|16240|12000|8860|12000|8500|7000
RODEIRO|35351.36|28281.09|17675.66|28281.09|17675.66|14140.55
ROMARIA|40000|28000|22500|21500|15400|13200
ROSARIO DA LIMEIRA|20000|18000|15000|19000|15000|9000
RUBELITA|4000|2500|1600|3500|2000|1300
RUBIM|3750|3250|2000|4000|1750|2500
SABARA|26300|20800|15700|17000|12000|7000
SABINOPOLIS|3713.02|2035.85|1023.76|1023.76|1023.76|686.39
SACRAMENTO|34090|30991|20247|19628|18595|7250
SALINAS|5000|3000|1000|3000|2000|1000
SALTO DA DIVISA|2550|1850|1220|2700|1250|1450
SANTA BARBARA|24266.67|21291.67|17191.67|16183.33|15079.17|14000
SANTA BARBARA DO LESTE|41322.31|33057.84|26446.27|26446.27|14200|9000
SANTA BARBARA DO MONTE VERDE|12000|10000|8000|7000|4500|2400
SANTA BARBARA DO TUGURIO|13200|11100|9100|10500|7800|7200
SANTA CRUZ DE SALINAS|4200|2625|1600|2625|1700|1300
SANTA CRUZ DO ESCALVADO|24000|19000|15000|19000|16000|15000
SANTA EFIGENIA DE MINAS|6844.10|6159.71|5475.26|4782.41|5459.59|4389.12
SANTA FE DE MINAS|2904|2244|1716|1584|1320|1056
SANTA HELENA DE MINAS|9000|7500|6000|5000|4000|3000
SANTA JULIANA|41579|39084.26|36739.21|31228.33|24982.66|9312.06
SANTA LUZIA|26250|21000|10500|9450|7350|6300
SANTA MARGARIDA|21659.93|14532.40|10507.04|11917.71|10214.64|8119.30
SANTA MARIA DE ITABIRA|14500|13000|11600|10150|8700|7000
SANTA MARIA DO SALTO|4392|3594|2868|3594|2801|3127
SANTA MARIA DO SUACUI|8509.86|6798.96|3972.84|6536.13|5279.27|5279.27
SANTA RITA DE CALDAS|34580|29400|23740|20170|17870|14290
SANTA RITA DE IBITIPOCA|10145|8250|6150|8250|7550|5050
SANTA RITA DE JACUTINGA|8160|6350|3770|8400|3750|3500
SANTA RITA DE MINAS|29000|20650|15000|20750|11000|9500
SANTA RITA DO ITUETO|14300|9200|5800|11000|6600|6500
SANTA RITA DO SAPUCAI|14290|12930|11570|11570|9530|6125
SANTA ROSA DA SERRA|25625|18125|12625|12625|8062|4000
SANTA VITORIA|12840|11307|11200|10356|9061|8646
SANTANA DA VARGEM|45000|30600|18000|22000|15000|9000
SANTANA DE CATAGUASES|18495|12332|9248|12332|9248|6166
SANTANA DE PIRAPAMA|28357|20000|12429|10429|8929|7500
SANTANA DO DESERTO|5000|3940|3730|3940|3250|2650
SANTANA DO GARAMBEU|6300|4425|3775|5050|3850|3200
SANTANA DO JACARE|17000|14000|10000|16000|10000|7000
SANTANA DO MANHUACU|21500|17000|13000|15000|11200|8500
SANTANA DO PARAISO|25000|22500|20000|17500|15000|10000
SANTANA DO RIACHO|19000|15500|12200|8800|7200|7000
SANTANA DOS MONTES|20185|16450|14600|20185|11385|10350
SANTO ANTONIO DO AMPARO|19733.66|17055.52|16773.61|16519.89|16237.98|6258.39
SANTO ANTONIO DO AVENTUREIRO|16240|12000|8860|12000|8500|7000
SANTO ANTONIO DO GRAMA|20000|16000|13000|15000|13000|10000
SANTO ANTONIO DO ITAMBE|13456.44|12110.80|9419.57|7774.84|7401.05|6728.22
SANTO ANTONIO DO JACINTO|7100|5500|4500|5000|4400|6500
SANTO ANTONIO DO MONTE|10080|8500|6500|8500|8500|4500
SANTO ANTONIO DO RETIRO|6148|3669.05|1575|2465|1280|890
SANTO ANTONIO DO RIO ABAIXO|16000|14400|12800|11200|9600|8000
SANTO HIPOLITO|6186.56|3736.65|2535.89|6186.56|1901.90|1014.36
SANTOS DUMONT|15000|10000|7000|8000|7000|5000
SAO BENTO ABADE|45456|31350|22572|40350|28215|14106
SAO BRAS DO SUACUI|20000|16000|12000|10000|10000|6000
SAO DOMINGOS DAS DORES|48000|34000|30000|28000|27400|24400
SAO DOMINGOS DO PRATA|16000|13500|11000|9875|6425|5830
SAO FELIX DE MINAS|6583.98|4784.07|3913.43|4611.16|3623.40|2635.20
SAO FRANCISCO|1500|1150|920|800|630|520
SAO FRANCISCO DE PAULA|20000|13500|12000|11500|10000|6000
SAO FRANCISCO DE SALES|19060|17350|15770|14200|14120|8100
SAO FRANCISCO DO GLORIA|14000|13000|12000|14000|13000|10000
SAO GERALDO|36523.47|27392.60|18261.73|18261.73|14609.38|14609.38
SAO GERALDO DA PIEDADE|19375|15500|8680|8060|7502|6696
SAO GONCALO DO ABAETE|21400|14000|7000|7000|3150|2300
SAO GONCALO DO PARA|15000|11000|9000|10000|8000|6000
SAO GONCALO DO RIO ABAIXO|30000|25000|20000|25000|20000|15000
SAO GONCALO DO RIO PRETO|8500|3500|1600|5000|4000|2200
SAO GONCALO DO SAPUCAI|27365.22|22933.18|14058.28|22164.47|17691.53|10817.73
SAO GOTARDO|37800|30240|23000|18500|12000|6000
SAO JOAO BATISTA DO GLORIA|40000|35000|30000|28000|21000|7000
SAO JOAO DA LAGOA|5500|3200|2100|2000|1400|1200
SAO JOAO DA MATA|34000|27600|25000|26500|15000|14000
SAO JOAO DA PONTE|11047.87|6904.92|5247.74|4833.44|3590.56|2761.97
SAO JOAO DAS MISSOES|6500|5500|4000|7000|4000|4000
SAO JOAO DEL REI|20400|14700|11600|12600|9900|8200
SAO JOAO DO MANHUACU|40500|35000|30000|35000|30000|25000
SAO JOAO DO ORIENTE|19628.10|17665.29|15702.48|13739.67|11776.86|9814.05
SAO JOAO DO PACUI|3200|2200|1600|2500|1100|1000
SAO JOAO DO PARAISO|4000|2500|2000|2000|1500|1000
SAO JOAO EVANGELISTA|6280|5100|4200|6280|4750|2700
SAO JOAO NEPOMUCENO|16335.34|11434.74|8167.67|7379.07|4919.38|2459.69
SAO JOAQUIM DE BICAS|100000|80000|60000|90000|60000|50000
SAO JOSE DA BARRA|50667.48|32147.16|24459.98|20790.93|13277.67|6638.88
SAO JOSE DA SAFIRA|10000|9000|8000|7000|6000|2000
SAO JOSE DA VARGINHA|35000|25000|15000|25000|20000|15000
SAO JOSE DO ALEGRE|25000|22000|22000|18000|18000|15000
SAO JOSE DO DIVINO|9001.21|7991.87|6905.79|8925.57|6256.75|5707.95
SAO JOSE DO GOIABAL|30000|25000|20000|18000|13000|8000
SAO JOSE DO JACURI|15000|10000|7500|10000|7000|5000
SAO JOSE DO MANTIMENTO|15700|11800|7800|15400|10800|8400
SAO MIGUEL DO ANTA|18876|13092.20|10142.22|12705|10164|8712
SAO PEDRO DA UNIAO|67473.18|38346.79|25391.79|29386.50|24379.59|19471.09
SAO PEDRO DO SUACUI|11500|9000|6500|9000|7000|5000
SAO PEDRO DOS FERROS|17640|11025|4410|11025|8820|4410
SAO ROMAO|5000|4200|3200|2800|1200|1100
SAO ROQUE DE MINAS|21500|15100|9100|11000|9400|4200
SAO SEBASTIAO DA BELA VISTA|52920|47880|42840|42840|35280|22680
SAO SEBASTIAO DA VARGEM ALEGRE|28000|22000|17000|24000|15500|10500
SAO SEBASTIAO DO ANTA|33700|30400|24500|20800|13800|6600
SAO SEBASTIAO DO MARANHAO|6500|5300|3500|6500|3000|2500
SAO SEBASTIAO DO OESTE|16800|11550|9450|16800|12600|5250
SAO SEBASTIAO DO PARAISO|49910|31890|24950|27450|19960|17470
SAO SEBASTIAO DO RIO PRETO|14000|12800|11600|11400|9800|7600
SAO SEBASTIAO DO RIO VERDE|13431|9317|6655|6655|6050|3630
SAO TIAGO|11640|10600|8240|10600|7400|5000
SAO TOMAS DE AQUINO|46431.29|33526.58|28212.92|30869.75|26821.25|20115.94
SAO TOME DAS LETRAS|20811.22|13428.61|12958.66|12958.66|12958.66|6550.48
SAO VICENTE DE MINAS|9000|8000|7000|8000|8000|7000
SAPUCAI-MIRIM|34765.54|24699.79|19620.33|16365.66|13492.95|9597.64
SARDOA|17500|14000|11800|14000|11000|10000
SARZEDO|300525.82|240422.25|180000|249878.52|160000|88528.13
SEM-PEIXE|30000|15000|10000|20000|10000|25000
SENADOR CORTES|16240|12000|8860|12000|8500|7000
SENADOR FIRMINO|15000|12000|8500|10000|8000|8000
SENADOR JOSE BENTO|34500|24725|15200|25070|16215|9200
SENADOR MODESTINO GONCALVES|5200|3760|1900|8000|4700|3500
SENHORA DE OLIVEIRA|12000|10000|8000|10000|8000|3500
SENHORA DO PORTO|4500|3400|2800|2820|2300|1650
SENHORA DOS REMEDIOS|9400|8900|8500|8900|8500|8500
SERICITA|33094|27578.25|19856.34|22062.60|11031.30|8825.04
SERITINGA|9477.28|7960.92|6065.46|6634.10|4264.78|3222.28
SERRA AZUL DE MINAS|12560|10470|7770|11470|6710|4970
SERRA DA SAUDADE|5800|4400|3500|4400|1500|1200
SERRA DO SALITRE|32000|25000|20000|18000|9000|6000
SERRA DOS AIMORES|11000|9000|8500|7000|6500|5000
SERRANIA|41026.72|29957.10|23524.84|21051.06|15568.10|10198.89
SERRANOPOLIS DE MINAS|3600|3200|2100|2700|1300|1000
SERRANOS|10224.29|7970.86|7067.14|7060.43|5657.14|4574.29
SERRO|10543.98|8707.92|6589.88|9161.49|6864.41|4716.51
SETE LAGOAS|18650|14300|10050|10290|6150|10150
SETUBINHA|10100|7315|4500|4020|3640|2876
SILVEIRANIA|9669.60|8627.11|8035.56|8047.80|6380|5900
SIMAO PEREIRA|5000|3940|3730|3940|3250|2650
SIMONESIA|26258.87|18726.25|14401.30|15435.22|11416.90|8562.67
SOLEDADE DE MINAS|23000|16750|10000|15625|10000|5500
TABULEIRO|11106.90|9440.86|7774.83|8885.52|7004.67|7780.76
TAIOBEIRAS|4200|2100|1600|1400|1400|1080
TAPARUBA|11500|10000|8000|10000|8000|8000
TAPIRA|33027|21840|15981|14915|11719|9000
TAPIRAI|25725|16537.50|12250|12250|7962.50|4900
TAQUARACU DE MINAS|28000|22400|16800|22400|14000|11200
TARUMIRIM|10080|7200|6000|4800|3600|2400
TEIXEIRAS|30000|23000|18000|30000|23000|18000
TEOFILO OTONI|7642.39|6878.15|6113.92|5349.67|4585.44|3821.20
TIMOTEO|32500|27000|24000|23000|21500|16000
TIRADENTES|25000|20000|15000|11500|7500|7500
TIROS|30000|20000|12000|8000|4000|3000
TOCANTINS|7181|6462|5745.22|5745.22|4308.37|4308.37
TOCOS DO MOJI|41840|33470|25100|33470|25100|20920
TOMBOS|15120|10584|9072|10584|7560|5000
TRES CORACOES|90000|70000|60000|56000|50000|20000
TRES MARIAS|10000|8000|5000|10000|6000|4000
TRES PONTAS|43000|31000|18500|31000|12500|9500
TUMIRITINGA|15000|14876.02|8677.68|14876.02|8677.68|7438.20
TUPACIGUARA|21634.06|17262.87|14525.64|19470.45|11173.88|8844.63
TURMALINA|9000|6000|3800|6000|10000|2000
TURVOLANDIA|44000|35000|28000|44000|28000|28000
UBA|18000|13000|9000|13000|9000|7000
UBAI|2500|1600|1100|1000|900|480
UBAPORANGA|10000|8500|7000|6500|5500|5500
UBERABA|21204.33|16293.92|10896.65|9436.07|7912.78|7384.12
UBERLANDIA|26760|22746|16591|22211|16056|14718
UMBURATIBA|11363|11363|9090|9090|6817|6817
UNAI|23475.60|20139.72|18120.82|17144.23|14388.20|9967.74
UNIAO DE MINAS|22654.88|20389.39|18123.90|15858.42|13592.93|11327.44
URUANA DE MINAS|6466.36|4210.20|3186.50|2895.63|1925.53|1310.74
URUCANIA|17340|13870|10400|11560|9250|5780
URUCUIA|2682.31|2099.44|1832.37|1637.85|1149.42|827.88
VARGEM ALEGRE|16280|12342|9559|8651.50|7744|6656
VARGEM BONITA|20000|12000|8000|10000|6000|5000
VARGEM GRANDE DO RIO PARDO|6500|4000|3000|3000|3000|3500
VARGINHA|48253.64|40832.23|22269.05|48253.64|40832.23|22269.05
VARJAO DE MINAS|18000|10000|6000|4000|2000|800
VARZEA DA PALMA|20135|10068|6292|6292|5244|2622
VARZELANDIA|7000|4000|2000|4000|3000|3000
VAZANTE|20250|14950|11450|7950|6250|3450
VERDELANDIA|5000|3500|3000|2000|1800|1500
VEREDINHA|9000|6000|3500|7000|5000|3000
VERISSIMO|16403.54|13075.30|12394.89|12348.11|9806.46|7390.54
VERMELHO NOVO|25300|20800|9700|11100|6900|6900
VESPASIANO|62767.26|55766.32|47799.68|55766.29|39833.06|23899.84
VICOSA|39159.19|35243.21|31327.36|27411.36|19579.60|15663.68
VIEIRAS|19000|15600|13000|14300|11700|6500
VIRGEM DA LAPA|4250.45|2500|1300|3500|2000|1500
VIRGINIA|12124.60|10172.85|8517.58|11721.04|4146.05|2269.61
VIRGINOPOLIS|22000|17000|15000|15000|15000|12000
VISCONDE DO RIO BRANCO|20918.28|17431.90|13945.52|8715.93|5752.54|3486.38
VOLTA GRANDE|10443.07|8354.46|6265.84|10443.07|6265.84|5221.54
WENCESLAU BRAZ|30000|19000|15000|19000|15000|14000